Group B - Output

b)

PerpetualAmericanOption batch1c = PerpetualAmericanOption(10000000, 100, 0.1, 0.1, 110, 0.02, OptionType::CALL);
PerpetualAmericanOption batch1p = PerpetualAmericanOption(10000000, 100, 0.1, 0.1, 110, 0.02, OptionType::PUT);
Call price: 18.5035
Put price: 3.03106

c)
for the batch call from b
6.64256
7.19174
7.77143
8.38255
9.026
9.7027
10.4136
11.1595
11.9416
12.7605
13.6174
14.5131
15.4486
16.4249
17.4429
18.5035

d)
meshArray(0.1, 0.6, 0.02), meshArray(0.1, 0.6, 0.02), meshArray(10, 60, 2)
Only applying modifier 0: T
18.5035 18.5035 18.5035 18.5035 18.5035 18.5035 18.5035 18.5035 18.5035 18.5035 18.5035 18.5035 18.5035 18.5035 18.5035 18.5035 18.5035 18.5035 18.5035 18.5035 18.5035 18.5035 18.5035 18.5035 18.5035
Only applying modifier 1: sig
18.5035 20.0794 21.6914 23.3222 24.9605 26.5984 28.23 29.851 31.4578 33.0479 34.6188 36.1688 37.6963 39.2 40.6789 42.1321 43.5589 44.9588 46.3312 47.676 48.9929 50.2818 51.5427 52.7756 53.9806
Only applying modifier 2: K
2.23182 2.84353 3.48982 4.16725 4.87316 5.60535 6.36205 7.14171 7.94304 8.76489 9.60628 10.4663 11.3442 12.2392 13.1508 14.0782 15.021 15.9787 16.9508 17.9368 18.9365 19.9494 20.9752 22.0136 23.0642 24.1268